m1=100;
k1=50;
b=50;
k12=2000;
m2=5; 
