m1=100;
k1=50;
b=50;
k12=143;
m2=2; 
